# generated by Slic3r 1.37.1-prusa3d-win64 on Mon Nov 13 08:11:26 2017
bed_shape = 99.4522x10.4528,97.8148x20.7912,95.1057x30.9017,91.3545x40.6737,86.6025x50,80.9017x58.7785,74.3145x66.9131,66.9131x74.3145,58.7785x80.9017,50x86.6025,40.6737x91.3545,30.9017x95.1057,20.7912x97.8148,10.4528x99.4522,0x100,-10.4528x99.4522,-20.7912x97.8148,-30.9017x95.1057,-40.6737x91.3545,-50x86.6025,-58.7785x80.9017,-66.9131x74.3145,-74.3145x66.9131,-80.9017x58.7785,-86.6025x50,-91.3545x40.6737,-95.1057x30.9017,-97.8148x20.7912,-99.4522x10.4528,-100x0,-99.4522x-10.4528,-97.8148x-20.7912,-95.1057x-30.9017,-91.3545x-40.6737,-86.6025x-50,-80.9017x-58.7785,-74.3145x-66.9131,-66.9131x-74.3145,-58.7785x-80.9017,-50x-86.6025,-40.6737x-91.3545,-30.9017x-95.1057,-20.7912x-97.8148,-10.4528x-99.4522,0x-100,10.4528x-99.4522,20.7912x-97.8148,30.9017x-95.1057,40.6737x-91.3545,50x-86.6025,58.7785x-80.9017,66.9131x-74.3145,74.3145x-66.9131,80.9017x-58.7785,86.6025x-50,91.3545x-40.6737,95.1057x-30.9017,97.8148x-20.7912,99.4522x-10.4528,100x0
before_layer_gcode = 
deretract_speed = 0
end_gcode = G1 E-2.00000 F2400.00000 ; retract a little \nG91 ; relative positioning\nG0 Z2 ; raise Z 2 mm to get nozzle off the part\nG90 ; absolute positioning\nG4 S5  ; dwell to let part cooling fan cool final filament\nG28  ; home  axes\nM107 ; fan off\nM104 S0 ; turn off temperature\nM84     ; disable motors\n\n; beep beep beep!\nM300 P80 ; beep  P(time in ms)\nG4 P100  ; pause P(time in ms)\nM300 P80 ; beep  P(time in ms)\nG4 P100  ; pause P(time in ms)\nM300 P80 ; beep  P(time in ms)
extruder_colour = #E67575
extruder_offset = 0x0
gcode_flavor = reprap
layer_gcode = 
max_layer_height = 0.35
min_layer_height = 0.07
nozzle_diameter = 0.4
octoprint_apikey = D1392873804C467CA831A7F5C36FE8C0
octoprint_host = kossel.local
printer_notes = 
printer_settings_id = 
retract_before_travel = 1
retract_before_wipe = 0%
retract_layer_change = 1
retract_length = 2
retract_length_toolchange = 3
retract_lift = 0
retract_lift_above = 1
retract_lift_below = 199
retract_restart_extra = 0
retract_restart_extra_toolchange = 0
retract_speed = 40
serial_port = 
serial_speed = 250000
single_extruder_multi_material = 0
start_gcode = M104 S[first_layer_temperature] ; set extruder temp\nG28 ; home all axes\nG1 Z5 F5000 ; lift nozzle\nM109 S[first_layer_temperature] ; wait for extruder temp\nG21 ; set units to millimeters\nG90 ; use absolute coordinates\nM82 ; use absolute distances for extrusion\nG1 E-2.00000 F2400.00000 ; retract a little \nM300 P80 ; beep  P(time in ms)\nM0 Deploy Z Probe & click button\nG29 ; mesh bed leveling \nM300 P80 ; beep  P(time in ms)\nM1 Retract Z Probe & click button\nG92 E0 ; set extruder position to zero\n
toolchange_gcode = 
use_firmware_retraction = 0
use_relative_e_distances = 1
use_volumetric_e = 0
variable_layer_height = 1
wipe = 0
z_offset = 0
