# generated by Slic3r 1.37.1-prusa3d-win64 on Thu Apr 19 21:36:21 2018
bed_shape = 99.4522x10.4528,97.8148x20.7912,95.1057x30.9017,91.3545x40.6737,86.6025x50,80.9017x58.7785,74.3145x66.9131,66.9131x74.3145,58.7785x80.9017,50x86.6025,40.6737x91.3545,30.9017x95.1057,20.7912x97.8148,10.4528x99.4522,0x100,-10.4528x99.4522,-20.7912x97.8148,-30.9017x95.1057,-40.6737x91.3545,-50x86.6025,-58.7785x80.9017,-66.9131x74.3145,-74.3145x66.9131,-80.9017x58.7785,-86.6025x50,-91.3545x40.6737,-95.1057x30.9017,-97.8148x20.7912,-99.4522x10.4528,-100x0,-99.4522x-10.4528,-97.8148x-20.7912,-95.1057x-30.9017,-91.3545x-40.6737,-86.6025x-50,-80.9017x-58.7785,-74.3145x-66.9131,-66.9131x-74.3145,-58.7785x-80.9017,-50x-86.6025,-40.6737x-91.3545,-30.9017x-95.1057,-20.7912x-97.8148,-10.4528x-99.4522,0x-100,10.4528x-99.4522,20.7912x-97.8148,30.9017x-95.1057,40.6737x-91.3545,50x-86.6025,58.7785x-80.9017,66.9131x-74.3145,74.3145x-66.9131,80.9017x-58.7785,86.6025x-50,91.3545x-40.6737,95.1057x-30.9017,97.8148x-20.7912,99.4522x-10.4528,100x0
before_layer_gcode = 
deretract_speed = 0
end_gcode = ; ****** custom Kossel end gcode begin *****\nG1 E-6.00000 F2400.00000 ; retract a little \nM104 S0             ; turn off temperature\nG91                 ; relative positioning\nG0 Z5               ; raise Z 2 mm to get nozzle off the part\nG90                 ; absolute positioning\nM106 S100      ; fan full on\nG4 S5               ; dwell to let part cooling fan cool final filament\nM107                ; fan off\nG28                 ; home  axes\nM84                 ; disable motors\n; ***** custom Kossel end gcode end *****\n\n; beep beep beep!\nM300 P80 ; beep  P(time in ms)\nG4 P100  ; pause P(time in ms)\nM300 P80 ; beep  P(time in ms)\nG4 P100  ; pause P(time in ms)\nM300 P80 ; beep  P(time in ms)
extruder_colour = #E67575
extruder_offset = 0x0
gcode_flavor = reprap
layer_gcode = 
max_layer_height = 0.35
min_layer_height = 0.07
nozzle_diameter = 0.4
octoprint_apikey = D1392873804C467CA831A7F5C36FE8C0
octoprint_host = kossel.local
printer_notes = 
printer_settings_id = 
retract_before_travel = 1
retract_before_wipe = 0%
retract_layer_change = 1
retract_length = 6
retract_length_toolchange = 3
retract_lift = 0
retract_lift_above = 1
retract_lift_below = 199
retract_restart_extra = 0
retract_restart_extra_toolchange = 0
retract_speed = 40
serial_port = 
serial_speed = 250000
single_extruder_multi_material = 0
start_gcode = ; ****** custom Kossel start gcode begin *****\nM104 S[first_layer_temperature] ; set extruder temp\n\nG21                 ; set units to millimeters\nG90                 ; use absolute coordinates\nM82                 ; use absolute distances for extrusion\nG28                 ; home all axes\nG0 X0 Y0 Z50 F10000 ; lower fast\n; automatically deploys and retracts bed leveling \nG29	; mesh bed leveling\n\nG0 X0 Y-100 Z50 F10000 ; start close to user\n\nM109 S[first_layer_temperature] ; wait for extruder temp\n\nM300 S60 P20 		; beep  P(time in ms)\n\n;G1 E-2.00000 F2400.00000 ; retract a little \n\n; todo need priming maneuver\nG92 E0 ; set extruder position to zero\nG0 X-40 Y-90 Z5\nG0 Z0.2  ; most likely first layer heigt\nG1 X0 E4 F1000.0     ; slow prime\nG1 X40 E12 F800.0   ; heavy prime \n\nG92 E0 ; set extruder position to zero\n\n; ***** custom Kossel start gcode end *****
toolchange_gcode = 
use_firmware_retraction = 0
use_relative_e_distances = 1
use_volumetric_e = 0
variable_layer_height = 1
wipe = 0
z_offset = 0
